[gd_scene format=3 uid="uid://b8gny0ytjbesg"]

[ext_resource type="Texture2D" uid="uid://ed44j8f3a8us" path="res://assets/BinbunVFX_Vol2/shared/story_studio_02_1k.hdr" id="1_1nner"]
[ext_resource type="Shader" uid="uid://mvwi25cb826n" path="res://assets/BinbunVFX_Vol2/shared/shader/checker.gdshader" id="2_05c4a"]
[ext_resource type="Material" uid="uid://bgtrwfexuvmwc" path="res://assets/BinbunVFX_Vol2/FrostedGlass/effects/frosted_basic/frosted_basic_01.tres" id="4_6sigg"]
[ext_resource type="Material" uid="uid://c3q57x4mnlvvq" path="res://assets/BinbunVFX_Vol2/FrostedGlass/effects/frosted_basic/frosted_basic_03.tres" id="4_uthxb"]
[ext_resource type="Material" uid="uid://c3ciejpi1wx0l" path="res://assets/BinbunVFX_Vol2/FrostedGlass/effects/frosted_basic/frosted_basic_04.tres" id="5_uthxb"]
[ext_resource type="Material" uid="uid://dx45owd8775ys" path="res://assets/BinbunVFX_Vol2/FrostedGlass/effects/frosted_rough/frosted_rough_04.tres" id="6_uthxb"]
[ext_resource type="ArrayMesh" uid="uid://bi4of1srk6ty4" path="res://assets/BinbunVFX_Vol2/FrostedGlass/suzanne.obj" id="7_ra775"]
[ext_resource type="Material" uid="uid://daq6yfd8herpo" path="res://assets/BinbunVFX_Vol2/FrostedGlass/effects/frosted_rough/frosted_rough_03.tres" id="8_uthxb"]
[ext_resource type="Material" uid="uid://d3kckg1ed7i3y" path="res://assets/BinbunVFX_Vol2/FrostedGlass/effects/scatter_glass/scatter_glass_04.tres" id="9_uthxb"]
[ext_resource type="Material" uid="uid://b8gig6bjblm21" path="res://assets/BinbunVFX_Vol2/FrostedGlass/effects/scatter_glass/scatter_glass_03.tres" id="10_jpkn6"]

[sub_resource type="FastNoiseLite" id="FastNoiseLite_ip3vt"]

[sub_resource type="NoiseTexture2D" id="NoiseTexture2D_0ykfm"]
noise = SubResource("FastNoiseLite_ip3vt")

[sub_resource type="PanoramaSkyMaterial" id="PanoramaSkyMaterial_1aiyq"]
panorama = ExtResource("1_1nner")
energy_multiplier = 0.2

[sub_resource type="Sky" id="Sky_3i3oo"]
sky_material = SubResource("PanoramaSkyMaterial_1aiyq")
radiance_size = 6

[sub_resource type="Environment" id="Environment_ip3vt"]
background_mode = 2
sky = SubResource("Sky_3i3oo")
sky_rotation = Vector3(0, 1.5707964, 0)
ambient_light_source = 3
reflected_light_source = 2
tonemap_mode = 3
ssr_enabled = true
ssao_enabled = true
ssao_intensity = 4.0
ssil_enabled = true
ssil_radius = 7.0
sdfgi_enabled = true
sdfgi_use_occlusion = true
sdfgi_min_cell_size = 0.1
sdfgi_y_scale = 2
sdfgi_energy = 2.0
glow_enabled = true
glow_bloom = 0.2
glow_blend_mode = 0
glow_map = SubResource("NoiseTexture2D_0ykfm")
fog_enabled = true
fog_mode = 1
fog_light_color = Color(0, 0, 0, 1)
fog_density = 1.0
volumetric_fog_enabled = true
volumetric_fog_density = 0.03
volumetric_fog_albedo = Color(0, 0, 0, 1)
volumetric_fog_emission_energy = 0.0
adjustment_enabled = true

[sub_resource type="Gradient" id="Gradient_ip3vt"]

[sub_resource type="FastNoiseLite" id="FastNoiseLite_3i3oo"]
noise_type = 2
frequency = 0.002
fractal_octaves = 1
cellular_jitter = 0.0
cellular_return_type = 0

[sub_resource type="NoiseTexture2D" id="NoiseTexture2D_3i3oo"]
noise = SubResource("FastNoiseLite_3i3oo")
color_ramp = SubResource("Gradient_ip3vt")

[sub_resource type="Gradient" id="Gradient_3i3oo"]

[sub_resource type="FastNoiseLite" id="FastNoiseLite_0ykfm"]
noise_type = 2
frequency = 0.002
fractal_octaves = 1
cellular_jitter = 0.0
cellular_return_type = 0

[sub_resource type="NoiseTexture2D" id="NoiseTexture2D_wejg2"]
noise = SubResource("FastNoiseLite_0ykfm")
color_ramp = SubResource("Gradient_3i3oo")
as_normal_map = true
normalize = false
bump_strength = 2.0

[sub_resource type="Gradient" id="Gradient_0ykfm"]
colors = PackedColorArray(0.49354547, 0.49354553, 0.49354535, 1, 0.52906674, 0.5290667, 0.5290667, 1)

[sub_resource type="FastNoiseLite" id="FastNoiseLite_wejg2"]
seed = 3
frequency = 0.02

[sub_resource type="NoiseTexture2D" id="NoiseTexture2D_2ukpv"]
noise = SubResource("FastNoiseLite_wejg2")
color_ramp = SubResource("Gradient_0ykfm")

[sub_resource type="ShaderMaterial" id="ShaderMaterial_3i3oo"]
render_priority = 0
shader = ExtResource("2_05c4a")
shader_parameter/primary_color = Color(0.12, 0.12, 0.12, 1)
shader_parameter/secondary_color = Color(0.05, 0.05, 0.05, 1)
shader_parameter/checker_texture = SubResource("NoiseTexture2D_3i3oo")
shader_parameter/roughness_texture = SubResource("NoiseTexture2D_2ukpv")
shader_parameter/normal_texture = SubResource("NoiseTexture2D_wejg2")

[sub_resource type="BoxMesh" id="BoxMesh_0ykfm"]
size = Vector3(1000, 4, 1000)

[sub_resource type="BoxShape3D" id="BoxShape3D_wejg2"]
size = Vector3(200, 4, 200)

[sub_resource type="SphereMesh" id="SphereMesh_jpkn6"]
radius = 1.0
height = 1.5

[sub_resource type="BoxMesh" id="BoxMesh_6ps8k"]

[sub_resource type="TorusMesh" id="TorusMesh_6ps8k"]

[sub_resource type="CapsuleMesh" id="CapsuleMesh_6sigg"]
radius = 0.6

[sub_resource type="TorusMesh" id="TorusMesh_ra775"]
inner_radius = 0.3

[sub_resource type="BoxMesh" id="BoxMesh_jpkn6"]
size = Vector3(1.4, 1.4, 1)

[sub_resource type="SphereMesh" id="SphereMesh_uthxb"]
radius = 0.65
height = 1.3

[node name="Node3D" type="Node3D" unique_id=1052593402]

[node name="Environment" type="Node3D" parent="." unique_id=1231126225]
metadata/_edit_lock_ = true

[node name="WorldEnvironment" type="WorldEnvironment" parent="Environment" unique_id=467657209]
environment = SubResource("Environment_ip3vt")

[node name="Ground" type="StaticBody3D" parent="Environment" unique_id=468866569]
transform = Transform3D(1, 0, 0, 0, 1, 0, 0, 0, 1, 0, -2, 0)
metadata/_edit_lock_ = true

[node name="GroundMesh" type="MeshInstance3D" parent="Environment/Ground" unique_id=1705852002]
material_override = SubResource("ShaderMaterial_3i3oo")
mesh = SubResource("BoxMesh_0ykfm")
metadata/_edit_lock_ = true

[node name="CollisionShape3D" type="CollisionShape3D" parent="Environment/Ground" unique_id=500792976]
shape = SubResource("BoxShape3D_wejg2")
metadata/_edit_lock_ = true

[node name="DirectionalLight3D" type="DirectionalLight3D" parent="Environment" unique_id=405547945]
transform = Transform3D(0.7071068, 0.5, -0.5, 0, 0.7071068, 0.7071068, 0.7071068, -0.5, 0.5, 0, 0, 0)
visible = false
light_energy = 0.5
shadow_enabled = true
directional_shadow_blend_splits = true

[node name="Lights" type="Node3D" parent="." unique_id=895534136]

[node name="SpotLight3D" type="SpotLight3D" parent="Lights" unique_id=537973113]
transform = Transform3D(1, 0, 0, 0, -4.371139e-08, 1, 0, -1, -4.371139e-08, 0, 5, 0)
light_energy = 5.0
shadow_enabled = true
spot_range = 10.0

[node name="SpotLight3D2" type="SpotLight3D" parent="Lights" unique_id=497025712]
transform = Transform3D(1, 0, 0, 0, -4.371139e-08, 1, 0, -1, -4.371139e-08, 3, 5, 0)
light_energy = 4.0
shadow_enabled = true
spot_range = 10.0

[node name="SpotLight3D3" type="SpotLight3D" parent="Lights" unique_id=786584931]
transform = Transform3D(1, 0, 0, 0, -4.371139e-08, 1, 0, -1, -4.371139e-08, 6, 5, 0)
light_energy = 4.0
shadow_enabled = true
spot_range = 10.0

[node name="SpotLight3D4" type="SpotLight3D" parent="Lights" unique_id=379439188]
transform = Transform3D(1, 0, 0, 0, -4.371139e-08, 1, 0, -1, -4.371139e-08, 9, 5, 0)
light_energy = 4.0
shadow_enabled = true
spot_range = 10.0

[node name="SpotLight3D5" type="SpotLight3D" parent="Lights" unique_id=411225160]
transform = Transform3D(1, 0, 0, 0, -4.371139e-08, 1, 0, -1, -4.371139e-08, 12, 5, 0)
light_energy = 4.0
shadow_enabled = true
spot_range = 10.0

[node name="SpotLight3D6" type="SpotLight3D" parent="Lights" unique_id=651422057]
transform = Transform3D(1, 0, 0, 0, -4.371139e-08, 1, 0, -1, -4.371139e-08, 15, 5, 0)
light_energy = 4.0
shadow_enabled = true
spot_range = 10.0

[node name="SpotLight3D7" type="SpotLight3D" parent="Lights" unique_id=1814868136]
transform = Transform3D(1, 0, 0, 0, -4.371139e-08, 1, 0, -1, -4.371139e-08, 18, 5, 0)
light_energy = 4.0
shadow_enabled = true
spot_range = 10.0

[node name="SpotLight3D8" type="SpotLight3D" parent="Lights" unique_id=798174608]
transform = Transform3D(1, 0, 0, 0, -4.371139e-08, 1, 0, -1, -4.371139e-08, 21, 5, 0)
visible = false
light_energy = 4.0
shadow_enabled = true
spot_range = 10.0

[node name="ColorLights" type="Node3D" parent="." unique_id=212377380]

[node name="SpotLight3D2" type="SpotLight3D" parent="ColorLights" unique_id=32161370]
transform = Transform3D(-4.371139e-08, -0.86602545, 0.49999997, 0, 0.49999997, 0.86602545, -1, 3.7855173e-08, -2.1855692e-08, 3, 5, -2)
light_color = Color(0, 0.57695544, 0.9400228, 1)
light_energy = 8.0
shadow_enabled = true
spot_range = 60.0

[node name="SpotLight3D3" type="SpotLight3D" parent="ColorLights" unique_id=1431425592]
transform = Transform3D(-4.371139e-08, 0.86602545, -0.49999997, 0, 0.49999997, 0.86602545, 1, 3.7855173e-08, -2.1855692e-08, -3, 5, -2)
light_color = Color(0.8042475, 0.4909482, 0, 1)
light_energy = 8.0
shadow_enabled = true
spot_range = 60.0

[node name="MeshInstance3D" type="MeshInstance3D" parent="." unique_id=185275866]
transform = Transform3D(1, 0, 0, 0, -4.371139e-08, -1, 0, 1, -4.371139e-08, 0, 1.5, 0)
visible = false
material_override = ExtResource("4_6sigg")
mesh = SubResource("SphereMesh_jpkn6")

[node name="MeshInstance3D2" type="MeshInstance3D" parent="." unique_id=1417771990]
transform = Transform3D(1, 0, 0, 0, 1, 0, 0, 0, 1, 0, 1.5, -2.08)
mesh = SubResource("BoxMesh_6ps8k")

[node name="basic" type="Node3D" parent="." unique_id=861118153]
visible = false

[node name="FrostedBasic_01" type="MeshInstance3D" parent="basic" unique_id=294899800]
transform = Transform3D(1, 0, 0, 0, 0.70710677, -0.70710677, 0, 0.70710677, 0.70710677, 0, 1.5, 0)
material_override = ExtResource("4_uthxb")
mesh = SubResource("TorusMesh_6ps8k")

[node name="FrostedBasic_02" type="MeshInstance3D" parent="basic" unique_id=523948463]
transform = Transform3D(-0.70710677, 0.49999994, 0.49999994, 0, 0.7071067, -0.7071067, -0.70710677, -0.49999994, -0.49999994, 3, 1.5, 0)
material_override = ExtResource("5_uthxb")
mesh = SubResource("CapsuleMesh_6sigg")

[node name="rough" type="Node3D" parent="." unique_id=1359253038]

[node name="FrostedRough_01" type="MeshInstance3D" parent="rough" unique_id=1314090362]
transform = Transform3D(0.86949486, -0.16893804, 0.46415347, 0, 0.9396925, 0.3420201, -0.49394184, -0.29738474, 0.81705785, 6, 1.5, 0)
material_override = ExtResource("6_uthxb")
mesh = ExtResource("7_ra775")

[node name="FrostedRough_02" type="MeshInstance3D" parent="rough" unique_id=937749536]
transform = Transform3D(0.35836795, -0.75143296, -0.55400413, 0, 0.59341884, -0.8048937, 0.93358034, 0.28844813, 0.21266228, 9, 1.5, 0)
visible = false
material_override = ExtResource("8_uthxb")
mesh = SubResource("TorusMesh_ra775")

[node name="scatter" type="Node3D" parent="." unique_id=102768632]
visible = false

[node name="ScatterGlass_01" type="MeshInstance3D" parent="scatter" unique_id=1934811471]
transform = Transform3D(0.99999994, 0, 0, 0, -0.87461954, -0.48480964, 0, 0.48480964, -0.87461954, 12, 1.5, 0)
material_override = ExtResource("9_uthxb")
mesh = SubResource("BoxMesh_jpkn6")

[node name="ScatterGlass_02" type="MeshInstance3D" parent="scatter" unique_id=1603055648]
transform = Transform3D(0.51204276, 0.4164319, -0.7512632, 0, -0.8746196, -0.48480946, -0.85895985, 0.2482432, -0.4478427, 15, 1.5, 0)
material_override = ExtResource("10_jpkn6")
mesh = SubResource("SphereMesh_uthxb")
